[190, 212, 216]
[253, 181, 191]
[250, 225, 229]
[245, 191, 254]
[240, 241, 240]
[252, 243, 234]
[183, 240, 243]
[203, 252, 241]
[221, 240, 251]
[238, 254, 252]
[208, 243, 216]
[209, 202, 216]
[252, 242, 200]
[245, 188, 242]
[238, 226, 238]
[195, 202, 226]
[174, 241, 217]
[191, 229, 240]
[246, 215, 218]
[236, 230, 244]
[216, 182, 200]
[243, 216, 187]
[253, 210, 192]
[252, 245, 233]
[229, 190, 245]
[184, 212, 226]
[219, 189, 198]
[249, 227, 199]
[203, 201, 237]
[236, 210, 210]
[249, 187, 174]
[233, 199, 189]
[214, 202, 241]
[202, 237, 235]
[243, 209, 216]
[233, 247, 242]
[253, 220, 202]
[233, 206, 247]
[209, 221, 237]
[228, 209, 249]
[210, 217, 238]
[201, 186, 180]
[183, 225, 212]
[185, 183, 200]
[196, 242, 239]
[199, 248, 233]
[219, 234, 234]
[235, 236, 236]
[216, 208, 219]
[250, 225, 216]
[223, 235, 237]
[250, 240, 252]
[188, 195, 254]
[185, 246, 235]
[197, 213, 249]
[187, 204, 216]
[212, 184, 190]
[199, 245, 248]
[237, 189, 185]
[202, 245, 216]
[238, 194, 205]
[253, 197, 225]
[243, 238, 224]
[233, 197, 237]
[222, 181, 213]
[250, 234, 185]
[241, 207, 207]
[248, 179, 199]
[247, 237, 224]
[178, 221, 240]
[252, 249, 255]
[191, 220, 238]
[197, 228, 193]
[201, 241, 207]
[204, 199, 199]
[197, 237, 233]
[251, 206, 188]
[181, 255, 252]
[187, 188, 251]
[224, 213, 221]
[191, 193, 244]
[182, 217, 229]
[248, 200, 251]
[255, 221, 224]
[243, 217, 216]
[247, 233, 231]
[224, 217, 211]
[191, 186, 207]
[216, 207, 238]
[233, 248, 195]
[220, 195, 207]
[201, 245, 204]
[228, 208, 253]
[211, 184, 224]
[219, 199, 212]
[211, 250, 230]
[184, 205, 250]
[251, 192, 195]
[247, 226, 206]
[250, 209, 197]
[237, 223, 183]
[221, 226, 228]
[229, 223, 237]
[255, 224, 196]
[200, 197, 232]
[211, 252, 246]
[220, 247, 228]
[188, 204, 204]
[216, 186, 249]
[210, 195, 249]
[200, 238, 218]
[186, 204, 233]
[189, 193, 193]
[236, 214, 233]
[235, 201, 199]
[206, 227, 200]
[205, 184, 191]
[198, 240, 236]
[233, 205, 227]
[191, 185, 206]
[193, 231, 250]
[242, 249, 204]
[188, 196, 239]
[211, 210, 211]
[176, 176, 202]
[185, 184, 185]
[197, 201, 212]
[232, 181, 207]
[188, 235, 250]
[210, 185, 201]
[194, 207, 229]
[246, 201, 237]
[228, 207, 218]
[197, 198, 227]
[234, 193, 216]
[237, 182, 250]
[179, 253, 228]
[217, 211, 206]
[219, 225, 235]
[229, 207, 243]
[249, 254, 242]
[239, 206, 238]
[251, 247, 210]
[177, 179, 236]
[254, 230, 234]
[250, 192, 236]
[196, 203, 255]
[240, 250, 186]
[234, 248, 228]
[251, 229, 247]
[181, 228, 213]
[198, 189, 240]
[224, 251, 236]
[200, 215, 245]
[220, 254, 230]
[251, 236, 238]
[182, 249, 250]
[205, 184, 188]
[180, 177, 238]
[253, 235, 213]
[207, 226, 233]
[197, 208, 238]
[232, 207, 231]
[212, 246, 240]
[248, 199, 186]
[245, 235, 208]
[186, 245, 216]
[197, 204, 243]
[249, 229, 216]
[188, 189, 207]
[251, 221, 237]
[216, 204, 216]
[235, 220, 249]
[189, 192, 214]
[205, 232, 242]
[220, 239, 234]
[205, 228, 244]
[203, 251, 220]
[212, 252, 242]
[194, 248, 241]
[200, 237, 250]
[179, 208, 208]
[236, 232, 234]
[184, 202, 215]
[221, 216, 223]
[206, 251, 207]
[252, 206, 179]
[204, 178, 183]
[200, 248, 225]
[228, 225, 226]
[192, 217, 237]
[196, 245, 226]
[226, 196, 231]
[240, 221, 253]
[245, 226, 240]
[216, 193, 238]
[242, 236, 195]
[184, 247, 218]
[203, 237, 239]
[205, 239, 241]
[226, 254, 227]
[249, 182, 212]
[198, 202, 231]
[233, 205, 206]
[244, 244, 232]
[188, 240, 208]
[199, 211, 237]
[205, 212, 254]
[193, 233, 223]
[185, 239, 223]
[187, 192, 235]
[187, 224, 234]
[211, 209, 253]
[193, 242, 204]
[184, 242, 241]
[255, 222, 231]
[201, 194, 253]
[223, 205, 218]
[188, 242, 205]
[206, 177, 239]
[243, 206, 227]
[242, 194, 182]
[216, 207, 252]
[252, 220, 204]
[197, 229, 246]
[197, 191, 250]
[211, 214, 241]
[192, 183, 245]
[187, 236, 210]
[249, 228, 235]
[246, 237, 252]
[243, 235, 214]
[176, 177, 228]
[228, 193, 217]
[231, 200, 197]
[236, 228, 255]
[217, 203, 238]
[188, 250, 254]
[244, 227, 223]
[249, 195, 216]
[183, 179, 208]
[244, 199, 180]
[212, 244, 244]
[231, 253, 206]
[229, 240, 230]
[210, 189, 187]
[218, 187, 251]
[193, 230, 240]
[225, 227, 251]
[177, 253, 247]
[187, 252, 251]
[189, 193, 209]
[234, 221, 223]
[244, 252, 240]
[189, 189, 202]
[227, 184, 206]
[182, 213, 210]
[191, 184, 239]
[216, 243, 248]
[223, 207, 227]
[194, 255, 192]
[211, 191, 209]
[233, 236, 216]
[251, 239, 223]
[184, 207, 247]
[252, 212, 213]
[203, 209, 234]
[210, 182, 219]
[215, 203, 217]
[207, 190, 219]
[179, 208, 187]
[245, 249, 209]
[243, 195, 219]
[235, 201, 209]
[213, 215, 217]
[209, 195, 235]
[245, 252, 250]
[242, 187, 207]
[181, 195, 183]
[192, 207, 244]
[195, 223, 229]
[208, 245, 229]
[248, 204, 185]
[193, 245, 248]
[240, 210, 201]
[178, 178, 233]
[245, 242, 210]
[255, 196, 186]
[237, 199, 210]
[206, 247, 231]
[187, 188, 205]
[189, 250, 214]
[226, 247, 250]
[198, 207, 249]
[194, 249, 246]
[240, 179, 198]
[248, 201, 191]
[240, 202, 207]
[234, 210, 252]
[238, 195, 215]
[219, 192, 246]
[188, 183, 200]
[185, 186, 234]
[192, 221, 223]
[229, 209, 211]
[231, 240, 247]
[247, 221, 234]
[185, 178, 176]
[247, 182, 203]
[253, 235, 215]
[201, 219, 245]
[236, 203, 243]
[198, 228, 253]
[200, 195, 254]
[236, 206, 200]
[247, 193, 217]
[252, 223, 184]
[222, 219, 243]
[216, 207, 217]
[208, 199, 220]
[195, 202, 197]
[233, 229, 222]
[196, 199, 248]
[244, 202, 176]
[255, 227, 220]
[200, 250, 240]
[182, 217, 245]
[199, 227, 244]
[238, 249, 235]
[221, 176, 207]
[239, 201, 254]
[247, 219, 213]
[188, 213, 205]
[252, 191, 241]
[214, 255, 241]
[252, 247, 197]
[215, 181, 228]
[200, 181, 180]
[250, 248, 216]
[242, 236, 193]
[241, 234, 229]
[234, 224, 217]
[235, 210, 248]
[221, 216, 233]
[253, 203, 197]
[243, 228, 187]
[239, 226, 216]
[240, 235, 232]
[187, 206, 206]
[241, 202, 244]
[185, 254, 247]
[241, 195, 228]
[254, 239, 220]
[215, 224, 231]
[188, 181, 235]
[215, 213, 230]
[188, 221, 246]
[234, 229, 221]
[222, 199, 206]
[188, 215, 237]
[214, 234, 240]
[201, 211, 237]
[233, 203, 198]
[254, 219, 249]
[199, 196, 223]
[221, 232, 243]
[211, 252, 230]
[244, 191, 204]
[251, 205, 183]
[200, 197, 192]
[194, 196, 248]
[240, 210, 190]
[192, 234, 227]
[229, 195, 183]
[180, 187, 239]
[198, 218, 243]
[228, 238, 236]
[182, 253, 248]
[200, 233, 214]
[232, 221, 226]
[242, 195, 182]
[250, 239, 230]
[220, 228, 232]
[222, 206, 202]
[210, 188, 201]
[246, 238, 210]
[223, 200, 205]
[219, 243, 243]
[205, 194, 188]
[234, 226, 208]
[195, 192, 236]
[222, 206, 191]
[206, 218, 204]
[186, 252, 239]
[240, 220, 209]
[233, 192, 246]
[196, 193, 231]
[186, 245, 251]
[209, 189, 240]
[241, 212, 200]
[236, 210, 205]
[206, 212, 230]
[190, 244, 219]
[191, 178, 239]
[201, 252, 204]
[242, 226, 253]
[255, 216, 184]
[250, 202, 214]
[251, 203, 254]
[227, 243, 246]
[251, 181, 213]
[178, 216, 212]
[230, 240, 247]
[177, 251, 235]
[185, 250, 246]
[243, 191, 193]
[252, 209, 203]
[185, 251, 240]
[194, 251, 239]
[191, 212, 201]
[194, 192, 204]
[242, 219, 199]
[182, 226, 179]
[198, 205, 240]
[241, 227, 238]
[249, 224, 192]
[253, 224, 253]
[229, 241, 249]
[255, 214, 239]
[194, 215, 215]
[196, 175, 221]
[231, 193, 245]
[196, 245, 236]
[240, 254, 221]
[247, 209, 214]
[183, 230, 253]
[205, 203, 237]
[223, 192, 223]
[223, 197, 230]
[210, 203, 227]
[244, 221, 252]
[225, 228, 249]
[245, 180, 185]
[254, 238, 237]
[200, 197, 248]
[226, 235, 238]
[211, 199, 244]
[242, 219, 235]
[253, 203, 250]
[233, 202, 239]
[201, 227, 241]
[203, 232, 239]
[204, 200, 217]
[232, 227, 227]
[225, 220, 235]
[202, 184, 254]
[186, 186, 241]
[216, 218, 254]
[198, 254, 251]
[253, 218, 213]
[197, 255, 254]
[196, 193, 236]
[222, 211, 225]
[208, 213, 252]
[231, 197, 191]
[255, 211, 200]
[203, 186, 211]
[240, 248, 248]
[253, 241, 229]
[202, 187, 248]
[181, 202, 248]
[224, 232, 231]
[248, 195, 183]
[242, 220, 210]
[200, 193, 201]
[250, 208, 213]
[216, 249, 220]
[216, 188, 211]
[198, 234, 226]
[254, 253, 182]
[175, 189, 210]
[255, 202, 189]
[217, 241, 246]
[188, 185, 221]
[191, 194, 211]
[223, 197, 215]
[207, 202, 255]
[202, 210, 242]
[189, 216, 223]
[184, 218, 240]
[212, 200, 251]
[251, 222, 190]
[215, 205, 231]
[192, 223, 225]
[219, 220, 233]
[232, 184, 199]
[197, 249, 222]
[189, 211, 240]
[179, 234, 208]
[206, 242, 245]
[223, 226, 230]
[179, 206, 214]
[213, 230, 242]
[240, 212, 209]
[205, 251, 250]
[198, 205, 205]
[250, 207, 233]
[240, 221, 236]
[251, 199, 217]
[242, 245, 232]
[203, 252, 238]
[251, 236, 208]
[209, 246, 242]
[188, 200, 222]
[186, 243, 219]
[240, 208, 196]
[228, 250, 247]
[203, 210, 236]
[220, 190, 226]
[207, 197, 245]
[228, 226, 246]
[244, 199, 221]
[184, 192, 223]
[180, 237, 227]
[201, 205, 233]
[242, 229, 234]
[235, 248, 228]
[254, 255, 251]
[232, 241, 249]
[247, 249, 236]
[206, 179, 197]
[249, 208, 236]
[195, 177, 188]
[215, 220, 235]
[189, 217, 233]
[243, 252, 188]
[254, 239, 186]
[207, 235, 227]
[182, 241, 252]
[210, 247, 248]
[216, 195, 202]
[229, 187, 185]
[253, 224, 192]
[247, 189, 198]
[218, 241, 243]
[241, 247, 199]
[249, 214, 236]
[192, 230, 227]
[186, 203, 213]
[247, 218, 206]
[207, 202, 218]
[246, 230, 239]
[231, 224, 241]
[196, 191, 227]
[239, 230, 245]
[215, 182, 198]
[252, 252, 178]
[195, 217, 237]
[240, 228, 195]
[192, 243, 227]
[254, 189, 210]
[243, 216, 225]
[187, 233, 214]
[246, 228, 213]
[186, 191, 242]
[218, 173, 222]
[249, 222, 213]
[213, 220, 250]
[233, 220, 241]
[187, 242, 246]
[186, 247, 249]
[249, 215, 241]
[254, 225, 221]
[194, 198, 228]
[235, 190, 231]
[202, 254, 203]
[184, 200, 253]
[251, 253, 184]
[243, 197, 220]
[220, 189, 204]
[243, 186, 197]
[226, 239, 238]
[251, 219, 236]
[200, 201, 218]
[232, 253, 246]
[246, 207, 178]
[211, 243, 225]
[203, 213, 211]
[249, 227, 254]
[246, 188, 182]
[252, 233, 191]
[236, 204, 187]
[188, 188, 200]
[225, 227, 237]
[212, 243, 192]
[252, 238, 235]
[212, 198, 252]
[254, 217, 221]
[217, 208, 209]
[211, 233, 247]
[211, 199, 230]
[204, 201, 229]
[208, 220, 234]
[237, 244, 245]
[213, 188, 240]
[180, 195, 201]
[176, 195, 245]
[201, 251, 225]
[194, 208, 232]
[248, 229, 185]
[221, 180, 216]
[234, 235, 237]
[235, 197, 188]
[250, 246, 238]
[231, 223, 229]
[205, 226, 254]
[197, 196, 248]
[184, 239, 219]
[254, 246, 227]
[193, 185, 209]
[205, 209, 228]
[251, 217, 251]
[229, 196, 196]
[193, 195, 207]
[236, 230, 243]
[189, 182, 213]
[178, 178, 239]
[246, 209, 254]
[223, 196, 180]
[213, 240, 238]
[252, 209, 245]
[210, 202, 244]
[203, 197, 205]
[243, 238, 233]
[243, 209, 176]
[203, 194, 241]
[204, 218, 242]
[240, 249, 236]
[248, 237, 215]
[247, 194, 224]
[227, 196, 205]
[182, 239, 230]
[232, 186, 197]
[254, 182, 212]
[216, 185, 242]
[199, 237, 248]
[193, 201, 245]
[238, 220, 222]
[235, 189, 212]
[253, 233, 250]
[193, 188, 200]
[205, 193, 229]
[200, 186, 251]
[190, 180, 177]
[177, 181, 234]
[187, 236, 237]
[209, 253, 251]
[243, 222, 197]
[198, 187, 237]
[225, 215, 253]
[253, 215, 205]
[225, 197, 243]
[204, 212, 245]
[214, 253, 250]
[245, 243, 206]
[203, 201, 253]
[235, 208, 193]
[207, 238, 230]
[177, 223, 240]
[190, 206, 201]
[228, 179, 189]
[229, 211, 194]
[235, 235, 230]
[236, 204, 219]
[198, 186, 230]
[221, 183, 205]
[223, 238, 249]
[212, 189, 184]
[227, 251, 235]
[243, 212, 187]
[195, 180, 198]
[248, 191, 210]
[236, 209, 201]
[216, 219, 244]
[196, 252, 248]
[229, 223, 250]
[253, 217, 187]
[251, 250, 255]
[200, 209, 250]
[196, 210, 226]
[193, 190, 247]
[233, 214, 209]
[254, 193, 253]
[215, 186, 202]
[207, 241, 201]
[224, 184, 199]
[187, 179, 196]
[241, 234, 238]
[248, 219, 189]
[214, 204, 244]
[235, 233, 201]
[186, 219, 213]
[249, 240, 224]
[202, 241, 227]
[213, 181, 213]
[209, 242, 244]
[191, 231, 230]
[230, 191, 223]
[249, 209, 222]
[237, 180, 238]
[219, 184, 219]
[217, 196, 240]
[253, 208, 198]
[202, 205, 228]
[249, 238, 232]
[180, 196, 216]
[231, 226, 236]
[249, 243, 252]
[226, 209, 202]
[220, 249, 235]
[201, 231, 233]
[253, 205, 228]
[245, 211, 217]
[242, 187, 192]
[254, 254, 232]
[249, 236, 230]
[209, 183, 223]
[188, 248, 236]
[246, 217, 187]
[230, 239, 243]
[201, 213, 244]
[188, 200, 228]
[245, 195, 205]
[193, 230, 238]
[231, 193, 240]
[194, 196, 250]
[234, 182, 210]
[246, 225, 183]
[251, 236, 245]
[220, 227, 226]
[252, 238, 226]
[240, 220, 218]
[250, 200, 252]
[184, 205, 205]
[185, 185, 192]
[247, 234, 249]
[214, 199, 210]
[253, 208, 208]
[225, 210, 242]
[250, 242, 187]
[238, 212, 239]
[238, 244, 248]
[223, 201, 196]
[221, 191, 232]
[181, 200, 220]
[207, 195, 235]
[223, 206, 201]
[195, 178, 241]
[244, 208, 236]
[212, 202, 229]
[201, 195, 231]
[223, 223, 254]
[221, 251, 231]
[196, 255, 249]
[253, 202, 246]
[254, 245, 221]
[209, 202, 218]
[200, 191, 193]
[190, 205, 218]
[231, 227, 239]
[218, 200, 237]
[230, 252, 203]
[183, 196, 244]
[205, 244, 203]
[243, 242, 225]
[199, 194, 248]
[183, 226, 214]
[180, 210, 241]
[244, 225, 210]
[190, 204, 198]
[233, 218, 241]
[233, 238, 238]
[254, 254, 237]
[249, 210, 181]
[189, 227, 251]
[213, 206, 211]
[247, 197, 221]
[209, 198, 211]
[184, 205, 234]
[224, 204, 254]
[196, 232, 201]
[244, 241, 222]
[247, 237, 228]
[223, 197, 214]
[194, 214, 231]
[200, 244, 235]
[248, 204, 234]
[182, 225, 231]
[225, 236, 244]
[255, 223, 208]
[219, 221, 234]
[178, 211, 224]
[223, 252, 226]
[223, 211, 209]
[229, 179, 177]
[205, 203, 253]
[209, 188, 254]
[241, 202, 226]
[245, 211, 204]
[240, 236, 232]
[178, 231, 240]
[181, 216, 234]
[219, 230, 243]
[254, 227, 238]
[188, 205, 214]
[194, 220, 208]
[207, 199, 201]
[235, 224, 241]
[237, 217, 243]
[199, 183, 232]
[253, 213, 189]
[174, 177, 191]
[201, 205, 244]
[255, 250, 223]
[247, 251, 200]
[204, 207, 245]
[236, 201, 192]
[223, 199, 193]
[238, 205, 184]
[186, 207, 249]
[251, 229, 233]
[212, 175, 214]
[186, 186, 207]
[211, 217, 244]
[244, 217, 181]
[201, 199, 206]
[226, 196, 252]
[222, 219, 245]
[230, 204, 179]
[226, 182, 218]
[248, 201, 184]
[202, 226, 228]
[190, 206, 214]
[209, 196, 189]
[199, 195, 202]
[187, 228, 230]
[238, 197, 184]
[207, 196, 239]
[252, 230, 230]
[184, 221, 230]
[190, 212, 216]
[253, 181, 191]
[250, 225, 229]
[245, 191, 254]
[240, 241, 240]
[252, 243, 234]
[183, 240, 243]
[203, 252, 241]
[221, 240, 251]
[238, 254, 252]
[208, 243, 216]
[209, 202, 216]
[252, 242, 200]
[245, 188, 242]
[238, 226, 238]
[195, 202, 226]
[174, 241, 217]
[191, 229, 240]
[246, 215, 218]
[236, 230, 244]
[216, 182, 200]
[243, 216, 187]
[253, 210, 192]
[252, 245, 233]
[229, 190, 245]
[184, 212, 226]
[219, 189, 198]
[249, 227, 199]
[203, 201, 237]
[236, 210, 210]
[249, 187, 174]
[233, 199, 189]
[214, 202, 241]
[202, 237, 235]
[243, 209, 216]
[233, 247, 242]
[253, 220, 202]
[233, 206, 247]
[209, 221, 237]
[228, 209, 249]
[210, 217, 238]
[201, 186, 180]
[183, 225, 212]
[185, 183, 200]
[196, 242, 239]
[199, 248, 233]
[219, 234, 234]
[235, 236, 236]
[216, 208, 219]
[250, 225, 216]
[223, 235, 237]
[250, 240, 252]
[188, 195, 254]
[185, 246, 235]
[197, 213, 249]
[187, 204, 216]
[212, 184, 190]
[199, 245, 248]
[237, 189, 185]
[202, 245, 216]
[238, 194, 205]
[253, 197, 225]
[243, 238, 224]
[233, 197, 237]
[222, 181, 213]
[250, 234, 185]
[241, 207, 207]
[248, 179, 199]
[247, 237, 224]
[178, 221, 240]
[252, 249, 255]
[191, 220, 238]
[197, 228, 193]
[201, 241, 207]
[204, 199, 199]
[197, 237, 233]
[251, 206, 188]
[181, 255, 252]
[187, 188, 251]
[224, 213, 221]
[191, 193, 244]
[182, 217, 229]
[248, 200, 251]
[255, 221, 224]
[243, 217, 216]
[247, 233, 231]
[224, 217, 211]
[191, 186, 207]
[216, 207, 238]
[233, 248, 195]
[220, 195, 207]
[201, 245, 204]
[228, 208, 253]
[211, 184, 224]
[219, 199, 212]
[211, 250, 230]
[184, 205, 250]
[251, 192, 195]
[247, 226, 206]
[250, 209, 197]
[237, 223, 183]
[221, 226, 228]
[229, 223, 237]
[255, 224, 196]
[200, 197, 232]
[211, 252, 246]
[220, 247, 228]
[188, 204, 204]
[216, 186, 249]
[210, 195, 249]
[200, 238, 218]
[186, 204, 233]
[189, 193, 193]
[236, 214, 233]
[235, 201, 199]
[206, 227, 200]
[205, 184, 191]
[198, 240, 236]
[233, 205, 227]
[191, 185, 206]
[193, 231, 250]
[242, 249, 204]
[188, 196, 239]
[211, 210, 211]
[176, 176, 202]
[185, 184, 185]
[197, 201, 212]
[232, 181, 207]
[188, 235, 250]
[210, 185, 201]
[194, 207, 229]
[246, 201, 237]
[228, 207, 218]
[197, 198, 227]
[234, 193, 216]
[237, 182, 250]
[179, 253, 228]
[217, 211, 206]
[219, 225, 235]
[229, 207, 243]
[249, 254, 242]
[239, 206, 238]
[251, 247, 210]
[177, 179, 236]
[254, 230, 234]
[250, 192, 236]
[196, 203, 255]
[240, 250, 186]
[234, 248, 228]
[251, 229, 247]
[181, 228, 213]
[198, 189, 240]
[224, 251, 236]
[200, 215, 245]
[220, 254, 230]
[251, 236, 238]
[182, 249, 250]
[205, 184, 188]
[180, 177, 238]
[253, 235, 213]
[207, 226, 233]
[197, 208, 238]
[232, 207, 231]
[212, 246, 240]
[248, 199, 186]
[245, 235, 208]
[186, 245, 216]
[197, 204, 243]
[249, 229, 216]
[188, 189, 207]
[251, 221, 237]
[216, 204, 216]
[235, 220, 249]
[189, 192, 214]
[205, 232, 242]
[220, 239, 234]
[205, 228, 244]
[203, 251, 220]
[212, 252, 242]
[194, 248, 241]
[200, 237, 250]
[179, 208, 208]
[236, 232, 234]
[184, 202, 215]
[221, 216, 223]
[206, 251, 207]
[252, 206, 179]
[204, 178, 183]
[200, 248, 225]
[228, 225, 226]
[192, 217, 237]
[196, 245, 226]
[226, 196, 231]
[240, 221, 253]
[245, 226, 240]
[216, 193, 238]
[242, 236, 195]
[184, 247, 218]
[203, 237, 239]
[205, 239, 241]
[226, 254, 227]
[249, 182, 212]
[198, 202, 231]
[233, 205, 206]
[244, 244, 232]
[188, 240, 208]
[199, 211, 237]
[205, 212, 254]
[193, 233, 223]
[185, 239, 223]
[187, 192, 235]
[187, 224, 234]
[211, 209, 253]
[193, 242, 204]
[184, 242, 241]
[255, 222, 231]
[201, 194, 253]
[223, 205, 218]
[188, 242, 205]
[206, 177, 239]
[243, 206, 227]
[242, 194, 182]
[216, 207, 252]
[252, 220, 204]
[197, 229, 246]
[197, 191, 250]
[211, 214, 241]
[192, 183, 245]
[187, 236, 210]
[249, 228, 235]
[246, 237, 252]
[243, 235, 214]
[176, 177, 228]
[228, 193, 217]
[231, 200, 197]
[236, 228, 255]
[217, 203, 238]
[188, 250, 254]
[244, 227, 223]
[249, 195, 216]
[183, 179, 208]
[244, 199, 180]
[212, 244, 244]
[231, 253, 206]
[229, 240, 230]
[210, 189, 187]
[218, 187, 251]
[193, 230, 240]
[225, 227, 251]
[177, 253, 247]
[187, 252, 251]
[189, 193, 209]
[234, 221, 223]
[244, 252, 240]
[189, 189, 202]
[227, 184, 206]
[182, 213, 210]
[191, 184, 239]
[216, 243, 248]
[223, 207, 227]
[194, 255, 192]
[211, 191, 209]
[233, 236, 216]
[251, 239, 223]
[184, 207, 247]
[252, 212, 213]
[203, 209, 234]
[210, 182, 219]
[215, 203, 217]
[207, 190, 219]
[179, 208, 187]
[245, 249, 209]
[243, 195, 219]
[235, 201, 209]
[213, 215, 217]
[209, 195, 235]
[245, 252, 250]
[242, 187, 207]
[181, 195, 183]
[192, 207, 244]
[195, 223, 229]
[208, 245, 229]
[248, 204, 185]
[193, 245, 248]
[240, 210, 201]
[178, 178, 233]
[245, 242, 210]
[255, 196, 186]
[237, 199, 210]
[206, 247, 231]
[187, 188, 205]
[189, 250, 214]
[226, 247, 250]
[198, 207, 249]
[194, 249, 246]
[240, 179, 198]
[248, 201, 191]
[240, 202, 207]
[234, 210, 252]
[238, 195, 215]
[219, 192, 246]
[188, 183, 200]
[185, 186, 234]
[192, 221, 223]
[229, 209, 211]
[231, 240, 247]
[247, 221, 234]
[185, 178, 176]
[247, 182, 203]
[253, 235, 215]
[201, 219, 245]
[236, 203, 243]
[198, 228, 253]
[200, 195, 254]
[236, 206, 200]
[247, 193, 217]
[252, 223, 184]
[222, 219, 243]
[216, 207, 217]
[208, 199, 220]
[195, 202, 197]
[233, 229, 222]
[196, 199, 248]
[244, 202, 176]
[255, 227, 220]
[200, 250, 240]
[182, 217, 245]
[199, 227, 244]
[238, 249, 235]
[221, 176, 207]
[239, 201, 254]
[247, 219, 213]
[188, 213, 205]
[252, 191, 241]
[214, 255, 241]
[252, 247, 197]
[215, 181, 228]
[200, 181, 180]
[250, 248, 216]
[242, 236, 193]
[241, 234, 229]
[234, 224, 217]
[235, 210, 248]
[221, 216, 233]
[253, 203, 197]
[243, 228, 187]
[239, 226, 216]
[240, 235, 232]
[187, 206, 206]
[241, 202, 244]
[185, 254, 247]
[241, 195, 228]
[254, 239, 220]
[215, 224, 231]
[188, 181, 235]
[215, 213, 230]
[188, 221, 246]
[234, 229, 221]
[222, 199, 206]
[188, 215, 237]
[214, 234, 240]
[201, 211, 237]
[233, 203, 198]
[254, 219, 249]
[199, 196, 223]
[221, 232, 243]
[211, 252, 230]
[244, 191, 204]
[251, 205, 183]
[200, 197, 192]
[194, 196, 248]
[240, 210, 190]
[192, 234, 227]
[229, 195, 183]
[180, 187, 239]
[198, 218, 243]
[228, 238, 236]
[182, 253, 248]
[200, 233, 214]
[232, 221, 226]
[242, 195, 182]
[250, 239, 230]
[220, 228, 232]
[222, 206, 202]
[210, 188, 201]
[246, 238, 210]
[223, 200, 205]
[219, 243, 243]
[205, 194, 188]
[234, 226, 208]
[195, 192, 236]
[222, 206, 191]
[206, 218, 204]
[186, 252, 239]
[240, 220, 209]
[233, 192, 246]
[196, 193, 231]
[186, 245, 251]
[209, 189, 240]
[241, 212, 200]
[236, 210, 205]
[206, 212, 230]
[190, 244, 219]
[191, 178, 239]
[201, 252, 204]
[242, 226, 253]
[255, 216, 184]
[250, 202, 214]
[251, 203, 254]
[227, 243, 246]
[251, 181, 213]
[178, 216, 212]
[230, 240, 247]
[177, 251, 235]
[185, 250, 246]
[243, 191, 193]
[252, 209, 203]
[185, 251, 240]
[194, 251, 239]
[191, 212, 201]
[194, 192, 204]
[242, 219, 199]
[182, 226, 179]
[198, 205, 240]
[241, 227, 238]
[249, 224, 192]
[253, 224, 253]
[229, 241, 249]
[255, 214, 239]
[194, 215, 215]
[196, 175, 221]
[231, 193, 245]
[196, 245, 236]
[240, 254, 221]
[247, 209, 214]
[183, 230, 253]
[205, 203, 237]
[223, 192, 223]
[223, 197, 230]
[210, 203, 227]
[244, 221, 252]
[225, 228, 249]
[245, 180, 185]
[254, 238, 237]
[200, 197, 248]
[226, 235, 238]
[211, 199, 244]
[242, 219, 235]
[253, 203, 250]
[233, 202, 239]
[201, 227, 241]
[203, 232, 239]
[204, 200, 217]
[232, 227, 227]
[225, 220, 235]
[202, 184, 254]
[186, 186, 241]
[216, 218, 254]
[198, 254, 251]
[253, 218, 213]
[197, 255, 254]
[196, 193, 236]
[222, 211, 225]
[208, 213, 252]
[231, 197, 191]
[255, 211, 200]
[203, 186, 211]
[240, 248, 248]
[253, 241, 229]
[202, 187, 248]
[181, 202, 248]
[224, 232, 231]
[248, 195, 183]
[242, 220, 210]
[200, 193, 201]
[250, 208, 213]
[216, 249, 220]
[216, 188, 211]
[198, 234, 226]
[254, 253, 182]
[175, 189, 210]
[255, 202, 189]
[217, 241, 246]
[188, 185, 221]
[191, 194, 211]
[223, 197, 215]
[207, 202, 255]
[202, 210, 242]
[189, 216, 223]
[184, 218, 240]
[212, 200, 251]
[251, 222, 190]
[215, 205, 231]
[192, 223, 225]
[219, 220, 233]
[232, 184, 199]
[197, 249, 222]
[189, 211, 240]
[179, 234, 208]
[206, 242, 245]
[223, 226, 230]
[179, 206, 214]
[213, 230, 242]
[240, 212, 209]
[205, 251, 250]
[198, 205, 205]
[250, 207, 233]
[240, 221, 236]
[251, 199, 217]
[242, 245, 232]
[203, 252, 238]
[251, 236, 208]
[209, 246, 242]
[188, 200, 222]
[186, 243, 219]
[240, 208, 196]
[228, 250, 247]
[203, 210, 236]
[220, 190, 226]
[207, 197, 245]
[228, 226, 246]
[244, 199, 221]
[184, 192, 223]
[180, 237, 227]
[201, 205, 233]
[242, 229, 234]
[235, 248, 228]
[254, 255, 251]
[232, 241, 249]
[247, 249, 236]
[206, 179, 197]
[249, 208, 236]
[195, 177, 188]
[215, 220, 235]
[189, 217, 233]
[243, 252, 188]
[254, 239, 186]
[207, 235, 227]
[182, 241, 252]
[210, 247, 248]
[216, 195, 202]
[229, 187, 185]
[253, 224, 192]
[247, 189, 198]
[218, 241, 243]
[241, 247, 199]
[249, 214, 236]
[192, 230, 227]
[186, 203, 213]
[247, 218, 206]
[207, 202, 218]
[246, 230, 239]
[231, 224, 241]
[196, 191, 227]
[239, 230, 245]
[215, 182, 198]
[252, 252, 178]
[195, 217, 237]
[240, 228, 195]
[192, 243, 227]
[254, 189, 210]
[243, 216, 225]
[187, 233, 214]
[246, 228, 213]
[186, 191, 242]
[218, 173, 222]
[249, 222, 213]
[213, 220, 250]
[233, 220, 241]
[187, 242, 246]
[186, 247, 249]
[249, 215, 241]
[254, 225, 221]
[194, 198, 228]
[235, 190, 231]
[202, 254, 203]
[184, 200, 253]
[251, 253, 184]
[243, 197, 220]
[220, 189, 204]
[243, 186, 197]
[226, 239, 238]
[251, 219, 236]
[200, 201, 218]
[232, 253, 246]
[246, 207, 178]
[211, 243, 225]
[203, 213, 211]
[249, 227, 254]
[246, 188, 182]
[252, 233, 191]
[236, 204, 187]
[188, 188, 200]
[225, 227, 237]
[212, 243, 192]
[252, 238, 235]
[212, 198, 252]
[254, 217, 221]
[217, 208, 209]
[211, 233, 247]
[211, 199, 230]
[204, 201, 229]
[208, 220, 234]
[237, 244, 245]
[213, 188, 240]
[180, 195, 201]
[176, 195, 245]
[201, 251, 225]
[194, 208, 232]
[248, 229, 185]
[221, 180, 216]
[234, 235, 237]
[235, 197, 188]
[250, 246, 238]
[231, 223, 229]
[205, 226, 254]
[197, 196, 248]
[184, 239, 219]
[254, 246, 227]
[193, 185, 209]
[205, 209, 228]
[251, 217, 251]
[229, 196, 196]
[193, 195, 207]
[236, 230, 243]
[189, 182, 213]
[178, 178, 239]
[246, 209, 254]
[223, 196, 180]
[213, 240, 238]
[252, 209, 245]
[210, 202, 244]
[203, 197, 205]
[243, 238, 233]
[243, 209, 176]
[203, 194, 241]
[204, 218, 242]
[240, 249, 236]
[248, 237, 215]
[247, 194, 224]
[227, 196, 205]
[182, 239, 230]
[232, 186, 197]
[254, 182, 212]
[216, 185, 242]
[199, 237, 248]
[193, 201, 245]
[238, 220, 222]
[235, 189, 212]
[253, 233, 250]
[193, 188, 200]
[205, 193, 229]
[200, 186, 251]
[190, 180, 177]
[177, 181, 234]
[187, 236, 237]
[209, 253, 251]
[243, 222, 197]
[198, 187, 237]
[225, 215, 253]
[253, 215, 205]
[225, 197, 243]
[204, 212, 245]
[214, 253, 250]
[245, 243, 206]
[203, 201, 253]
[235, 208, 193]
[207, 238, 230]
[177, 223, 240]
[190, 206, 201]
[228, 179, 189]
[229, 211, 194]
[235, 235, 230]
[236, 204, 219]
[198, 186, 230]
[221, 183, 205]
[223, 238, 249]
[212, 189, 184]
[227, 251, 235]
[243, 212, 187]
[195, 180, 198]
[248, 191, 210]
[236, 209, 201]
[216, 219, 244]
[196, 252, 248]
[229, 223, 250]
[253, 217, 187]
[251, 250, 255]
[200, 209, 250]
[196, 210, 226]
[193, 190, 247]
[233, 214, 209]
[254, 193, 253]
[215, 186, 202]
[207, 241, 201]
[224, 184, 199]
[187, 179, 196]
[241, 234, 238]
[248, 219, 189]
[214, 204, 244]
[235, 233, 201]
[186, 219, 213]
[249, 240, 224]
[202, 241, 227]
[213, 181, 213]
[209, 242, 244]
[191, 231, 230]
[230, 191, 223]
[249, 209, 222]
[237, 180, 238]
[219, 184, 219]
[217, 196, 240]
[253, 208, 198]
[202, 205, 228]
[249, 238, 232]
[180, 196, 216]
[231, 226, 236]
[249, 243, 252]
[226, 209, 202]
[220, 249, 235]
[201, 231, 233]
[253, 205, 228]
[245, 211, 217]
[242, 187, 192]
[254, 254, 232]
[249, 236, 230]
[209, 183, 223]
[188, 248, 236]
[246, 217, 187]
[230, 239, 243]
[201, 213, 244]
[188, 200, 228]
[245, 195, 205]
[193, 230, 238]
[231, 193, 240]
[194, 196, 250]
[234, 182, 210]
[246, 225, 183]
[251, 236, 245]
[220, 227, 226]
[252, 238, 226]
[240, 220, 218]
[250, 200, 252]
[184, 205, 205]
[185, 185, 192]
[247, 234, 249]
[214, 199, 210]
[253, 208, 208]
[225, 210, 242]
[250, 242, 187]
[238, 212, 239]
[238, 244, 248]
[223, 201, 196]
[221, 191, 232]
[181, 200, 220]
[207, 195, 235]
[223, 206, 201]
[195, 178, 241]
[244, 208, 236]
[212, 202, 229]
[201, 195, 231]
[223, 223, 254]
[221, 251, 231]
[196, 255, 249]
[253, 202, 246]
[254, 245, 221]
[209, 202, 218]
[200, 191, 193]
[190, 205, 218]
[231, 227, 239]
[218, 200, 237]
[230, 252, 203]
[183, 196, 244]
[205, 244, 203]
[243, 242, 225]
[199, 194, 248]
[183, 226, 214]
[180, 210, 241]
[244, 225, 210]
[190, 204, 198]
[233, 218, 241]
[233, 238, 238]
[254, 254, 237]
[249, 210, 181]
[189, 227, 251]
[213, 206, 211]
[247, 197, 221]
[209, 198, 211]
[184, 205, 234]
[224, 204, 254]
[196, 232, 201]
[244, 241, 222]
[247, 237, 228]
[223, 197, 214]
[194, 214, 231]
[200, 244, 235]
[248, 204, 234]
[182, 225, 231]
[225, 236, 244]
[255, 223, 208]
[219, 221, 234]
[178, 211, 224]
[223, 252, 226]
[223, 211, 209]
[229, 179, 177]
[205, 203, 253]
[209, 188, 254]
[241, 202, 226]
[245, 211, 204]
[240, 236, 232]
[178, 231, 240]
[181, 216, 234]
[219, 230, 243]
[254, 227, 238]
[188, 205, 214]
[194, 220, 208]
[207, 199, 201]
[235, 224, 241]
[237, 217, 243]
[199, 183, 232]
[253, 213, 189]
[174, 177, 191]
[201, 205, 244]
[255, 250, 223]
[247, 251, 200]
[204, 207, 245]
[236, 201, 192]
[223, 199, 193]
[238, 205, 184]
[186, 207, 249]
[251, 229, 233]
[212, 175, 214]
[186, 186, 207]
[211, 217, 244]
[244, 217, 181]
[201, 199, 206]
[226, 196, 252]
[222, 219, 245]
[230, 204, 179]
[226, 182, 218]
[248, 201, 184]
[202, 226, 228]
[190, 206, 214]
[209, 196, 189]
[199, 195, 202]
[187, 228, 230]
[238, 197, 184]
[207, 196, 239]
[252, 230, 230]
[184, 221, 230]
[247, 210, 184]
[224, 187, 216]
[217, 199, 253]
[183, 252, 235]
[204, 196, 220]
[185, 212, 222]
[221, 203, 216]
[194, 204, 222]
[190, 246, 203]
[190, 228, 244]
[221, 213, 227]
[254, 233, 244]
[213, 255, 246]
[181, 186, 250]
[217, 226, 224]
[252, 240, 206]
[224, 230, 242]
[236, 205, 194]
[243, 229, 229]
[195, 246, 242]
[248, 239, 225]
[241, 252, 184]
[245, 221, 204]
[185, 182, 253]
[216, 180, 238]
[226, 236, 250]
[213, 225, 226]
[183, 193, 241]
[204, 220, 233]
[253, 230, 202]
[226, 254, 218]
[219, 199, 203]
[250, 215, 245]
[191, 197, 209]
[205, 220, 235]
[222, 193, 249]
[197, 216, 214]
[207, 190, 212]
[194, 192, 206]
[250, 239, 253]
[177, 174, 174]
[240, 239, 227]
[235, 208, 232]
[237, 228, 215]
[244, 202, 209]
[207, 192, 216]
[254, 187, 217]
[253, 208, 227]
[216, 253, 246]
[222, 189, 174]
